NG90 7GP,52.92714,-1.1841,E01013928
