CR7 8AA,51.40236,-0.10352,E01001151
CR7 8AB,51.40853,-0.11401,E01001161
CR7 8AD,51.40322,-0.105,E01001151
CR7 8AE,51.40378,-0.10586,E01001151
CR7 8AF,51.4051,-0.10768,E01001147
CR7 8AG,51.4071,-0.1105,E01001161
CR7 8AH,51.40203,-0.1038,E01001151
CR7 8AJ,51.4089,-0.11375,E01001161
CR7 8AL,51.40334,-0.1063,E01001151
CR7 8AN,51.40487,-0.10822,E01001147
CR7 8AP,51.40663,-0.11125,E01001161
CR7 8AQ,51.40294,-0.1031,E01001151
CR7 8AR,51.40214,-0.10468,E01001151
CR7 8AS,51.40945,-0.11315,E01001161
CR7 8AT,51.40891,-0.11246,E01001161
CR7 8AU,51.40355,-0.10363,E01001151
CR7 8AW,51.4034,-0.10314,E01001151
CR7 8AX,51.40398,-0.10532,E01001151
CR7 8AY,51.40452,-0.10445,E01001151
CR7 8AZ,51.40434,-0.10478,E01001151
CR7 8BA,51.40807,-0.1053,E01001157
CR7 8BB,51.4089,-0.1059,E01001160
CR7 8BD,51.40967,-0.10657,E01001157
CR7 8BE,51.41053,-0.1074,E01001157
CR7 8BF,51.41124,-0.10837,E01001157
CR7 8BG,51.4085,-0.10633,E01001157
CR7 8BH,51.41192,-0.10957,E01001157
CR7 8BJ,51.41039,-0.10842,E01001161
CR7 8BL,51.41185,-0.11052,E01001157
CR7 8BN,51.40803,-0.11082,E01001161
CR7 8BP,51.40685,-0.10962,E01001161
CR7 8BQ,51.40789,-0.11124,E01001161
CR7 8BR,51.40884,-0.10895,E01001161
CR7 8BS,51.40851,-0.10879,E01001161
CR7 8BT,51.41084,-0.11212,E01001161
CR7 8BU,51.41031,-0.10867,E01001161
CR7 8BW,51.41027,-0.10931,E01001161
CR7 8BX,51.40251,-0.10235,E01001151
CR7 8BY,51.4113,-0.11159,E01001161
CR7 8BZ,51.41072,-0.11395,E01001161
CR7 8DA,51.40569,-0.10077,E01001147
CR7 8DB,51.40714,-0.1019,E01001147
CR7 8DD,51.40534,-0.10097,E01001147
CR7 8DE,51.41044,-0.10539,E01001160
CR7 8DF,51.41113,-0.10323,E01001160
CR7 8DG,51.41074,-0.10563,E01001160
CR7 8DH,51.40899,-0.10132,E01001160
CR7 8DJ,51.41144,-0.10336,E01001160
CR7 8DL,51.40955,-0.1016,E01001160
CR7 8DN,51.40905,-0.10418,E01001160
CR7 8DP,51.40982,-0.10183,E01001160
CR7 8DQ,51.40951,-0.10489,E01001160
CR7 8DR,51.41024,-0.10266,E01001160
CR7 8DS,51.4089,-0.10235,E01001157
CR7 8DT,51.40858,-0.10446,E01001160
CR7 8DU,51.40989,-0.10494,E01001160
CR7 8DW,51.41057,-0.10274,E01001160
CR7 8DX,51.40675,-0.10241,E01001147
CR7 8DY,51.41045,-0.10123,E01001160
CR7 8DZ,51.41085,-0.1009,E01001160
CR7 8EA,51.40508,-0.1001,E01001147
CR7 8EB,51.41036,-0.09977,E01001160
CR7 8ED,51.41222,-0.10061,E01001160
CR7 8EE,51.40959,-0.09884,E01001160
CR7 8EF,51.41081,-0.09946,E01001160
CR7 8EG,51.41206,-0.107,E01001157
CR7 8EH,51.41242,-0.10011,E01001159
CR7 8EJ,51.41314,-0.10345,E01001160
CR7 8EL,51.41233,-0.10745,E01001157
CR7 8EN,51.41343,-0.10387,E01001157
CR7 8EP,51.37572,-0.09186,E01000975
CR7 8EQ,51.40486,-0.09847,E01001152
CR7 8ER,51.40608,-0.10022,E01001148
CR7 8ES,51.40302,-0.10158,E01001151
CR7 8ET,51.41266,-0.10147,E01001160
CR7 8EU,51.41126,-0.10614,E01001160
CR7 8EW,51.41217,-0.10358,E01001160
CR7 8EX,51.37572,-0.09186,E01000975
CR7 8EY,51.41154,-0.10651,E01001160
CR7 8EZ,51.41251,-0.10368,E01001160
CR7 8FA,51.39999,-0.09389,E01001154
CR7 8FB,51.41145,-0.11284,E01001161
CR7 8FD,51.41185,-0.11181,E01001161
CR7 8FE,51.40474,-0.0993,E01001152
CR7 8FF,51.40688,-0.10318,E01001147
CR7 8FG,51.37572,-0.09186,E01000975
CR7 8FJ,51.40569,-0.10248,E01001147
CR7 8FL,51.40076,-0.10192,E01001151
CR7 8FN,51.40715,-0.10044,E01001147
CR7 8FP,51.40691,-0.10086,E01001147
CR7 8FQ,51.39629,-0.09314,E01001155
CR7 8FR,51.40906,-0.09279,E01001148
CR7 8FS,51.39853,-0.09585,E01001155
CR7 8FT,51.40432,-0.10137,E01001151
CR7 8FU,51.40474,-0.0993,E01001152
CR7 8FX,51.37572,-0.09186,E01000975
CR7 8GW,51.40806,-0.09638,E01001148
CR7 8GY,51.40001,-0.10067,E01001152
CR7 8GZ,51.37572,-0.09186,E01000975
CR7 8HA,51.4056,-0.1032,E01001147
CR7 8HB,51.40685,-0.10451,E01001147
CR7 8HD,51.40486,-0.10297,E01001151
CR7 8HE,51.4048,-0.10368,E01001151
CR7 8HF,51.40619,-0.10507,E01001147
CR7 8HG,51.40467,-0.10406,E01001151
CR7 8HH,51.40657,-0.1049,E01001147
CR7 8HJ,51.40626,-0.1057,E01001147
CR7 8HL,51.40662,-0.10332,E01001147
CR7 8HN,51.40672,-0.10725,E01001161
CR7 8HP,51.40836,-0.1032,E01001160
CR7 8HQ,51.40725,-0.10356,E01001147
CR7 8HR,51.40801,-0.09969,E01001147
CR7 8HS,51.40877,-0.09746,E01001148
CR7 8HT,51.40938,-0.09603,E01001148
CR7 8HU,51.40781,-0.1039,E01001157
CR7 8HW,51.40814,-0.10077,E01001160
CR7 8HX,51.40873,-0.09834,E01001160
CR7 8HY,51.40836,-0.09459,E01001148
CR7 8HZ,51.40861,-0.09432,E01001148
CR7 8JA,51.39999,-0.10085,E01001152
CR7 8JB,51.4001,-0.10162,E01001152
CR7 8JD,51.40054,-0.10127,E01001152
CR7 8JE,51.40162,-0.10183,E01001151
CR7 8JF,51.40389,-0.09994,E01001152
CR7 8JG,51.40382,-0.1006,E01001152
CR7 8JH,51.40239,-0.10179,E01001151
CR7 8JJ,51.40497,-0.09963,E01001147
CR7 8JL,51.40633,-0.09838,E01001148
CR7 8JN,51.40458,-0.09685,E01001152
CR7 8JP,51.40462,-0.09764,E01001152
CR7 8JQ,51.40315,-0.09583,E01001146
CR7 8JR,51.40621,-0.09492,E01001146
CR7 8JS,51.40704,-0.09286,E01001146
CR7 8JT,51.40516,-0.09564,E01001146
CR7 8JU,51.40627,-0.09317,E01001146
CR7 8JW,51.40704,-0.09086,E01001149
CR7 8JX,51.40541,-0.09592,E01001146
CR7 8JY,51.40643,-0.09363,E01001146
CR7 8JZ,51.40727,-0.0912,E01001149
CR7 8LA,51.39937,-0.09466,E01001154
CR7 8LB,51.39976,-0.09473,E01001154
CR7 8LD,51.39895,-0.0942,E01001154
CR7 8LE,51.39824,-0.09363,E01001154
CR7 8LF,51.39871,-0.09512,E01001154
CR7 8LG,51.39937,-0.09741,E01001155
CR7 8LH,51.3997,-0.0979,E01001152
CR7 8LJ,51.40067,-0.09571,E01001153
CR7 8LL,51.40168,-0.09387,E01001153
CR7 8LN,51.40104,-0.09571,E01001153
CR7 8LP,51.40196,-0.09403,E01001153
CR7 8LQ,51.40147,-0.09677,E01001153
CR7 8LR,51.40144,-0.09581,E01001153
CR7 8LS,51.40072,-0.0975,E01001153
CR7 8LT,51.40466,-0.10144,E01001147
CR7 8LU,51.39976,-0.0988,E01001155
CR7 8LW,51.40195,-0.10002,E01001152
CR7 8LX,51.40398,-0.1014,E01001151
CR7 8LY,51.4015,-0.10058,E01001152
CR7 8LZ,51.40354,-0.10149,E01001151
CR7 8NA,51.40028,-0.09855,E01001152
CR7 8NB,51.40115,-0.09837,E01001152
CR7 8ND,51.40211,-0.09929,E01001152
CR7 8NE,51.40294,-0.09883,E01001152
CR7 8NF,51.40313,-0.09937,E01001152
CR7 8NG,51.40393,-0.09776,E01001152
CR7 8NH,51.40239,-0.09764,E01001152
CR7 8NJ,51.40392,-0.09827,E01001152
CR7 8NL,51.40397,-0.09451,E01001146
CR7 8NN,51.40418,-0.09475,E01001146
CR7 8NP,51.40464,-0.09487,E01001146
CR7 8NQ,51.40586,-0.09218,E01001149
CR7 8NR,51.40645,-0.09053,E01001149
CR7 8NS,51.40487,-0.09508,E01001146
CR7 8NT,51.40594,-0.09286,E01001149
CR7 8NU,51.40639,-0.09172,E01001149
CR7 8NW,51.40672,-0.09076,E01001149
CR7 8NX,51.37572,-0.09186,E01000975
CR7 8NY,51.40259,-0.09648,E01001153
CR7 8NZ,51.40251,-0.09692,E01001153
CR7 8PA,51.40708,-0.09896,E01001147
CR7 8PB,51.40729,-0.09997,E01001147
CR7 8PD,51.40699,-0.10028,E01001147
CR7 8PE,51.40643,-0.0969,E01001148
CR7 8PF,51.40731,-0.09509,E01001148
CR7 8PG,51.40694,-0.09655,E01001148
CR7 8PH,51.40822,-0.09221,E01001146
CR7 8PJ,51.40825,-0.09303,E01001148
CR7 8PL,51.40782,-0.09694,E01001148
CR7 8PN,51.40765,-0.09748,E01001148
CR7 8PP,51.40841,-0.0964,E01001148
CR7 8PQ,51.40867,-0.09653,E01001148
CR7 8PR,51.40807,-0.09571,E01001148
CR7 8PS,51.40887,-0.09378,E01001148
CR7 8PT,51.40706,-0.09739,E01001148
CR7 8PU,51.4057,-0.09651,E01001146
CR7 8PW,51.40676,-0.09411,E01001146
CR7 8PX,51.40765,-0.09151,E01001146
CR7 8PY,51.40624,-0.09616,E01001146
CR7 8PZ,51.4078,-0.09217,E01001146
CR7 8QA,51.3999,-0.09534,E01001154
CR7 8QB,51.40087,-0.09395,E01001153
CR7 8QD,51.40078,-0.09332,E01001153
CR7 8QE,51.40016,-0.09562,E01001154
CR7 8QF,51.40111,-0.09413,E01001153
CR7 8QG,51.40257,-0.09388,E01001153
CR7 8QH,51.40201,-0.09564,E01001153
CR7 8QJ,51.40284,-0.094,E01001153
CR7 8QL,51.40307,-0.09455,E01001153
CR7 8QN,51.4034,-0.09459,E01001146
CR7 8QP,51.40469,-0.09156,E01001149
CR7 8QQ,51.40507,-0.09277,E01001149
CR7 8QR,51.404,-0.09214,E01001149
CR7 8QS,51.40529,-0.09187,E01001149
CR7 8QT,51.40567,-0.09172,E01001149
CR7 8QU,51.40184,-0.09295,E01001153
CR7 8QW,51.40286,-0.09259,E01001153
CR7 8QX,51.40364,-0.09307,E01001153
CR7 8QY,51.40375,-0.09266,E01001153
CR7 8QZ,51.40469,-0.09306,E01001149
CR7 8RA,51.39835,-0.09824,E01001155
CR7 8RB,51.39783,-0.09845,E01001155
CR7 8RD,51.39789,-0.09724,E01001155
CR7 8RE,51.39605,-0.09471,E01001155
CR7 8RF,51.39724,-0.09397,E01001155
CR7 8RG,51.39589,-0.09397,E01001155
CR7 8RH,51.39647,-0.09597,E01001155
CR7 8RJ,51.39645,-0.09353,E01001155
CR7 8RL,51.39775,-0.09609,E01001155
CR7 8RN,51.39793,-0.09538,E01001154
CR7 8RP,51.39727,-0.09503,E01001154
CR7 8RQ,51.39746,-0.09431,E01001154
CR7 8RR,51.39578,-0.09326,E01001155
CR7 8RS,51.39674,-0.09569,E01001155
CR7 8RT,51.39804,-0.09447,E01001154
CR7 8RU,51.39803,-0.09398,E01001154
CR7 8RW,51.39841,-0.0951,E01001154
CR7 8RX,51.39857,-0.10088,E01001000
CR7 8RY,51.39859,-0.09666,E01001155
CR7 8RZ,51.39876,-0.09829,E01001155
CR7 8SA,51.39904,-0.09278,E01001154
CR7 8SB,51.39698,-0.09242,E01001111
CR7 8SD,51.39684,-0.09281,E01001155
CR7 8SE,51.39699,-0.09168,E01001111
CR7 8SF,51.40781,-0.09954,E01001147
CR7 8SG,51.39836,-0.09344,E01001154
CR7 8SH,51.40126,-0.1004,E01001152
CR7 8SJ,51.40508,-0.09954,E01001147
CR7 8SL,51.4053,-0.10236,E01001147
CR7 8SN,51.3975,-0.09707,E01001155
CR7 8SP,51.40582,-0.09884,E01001148
CR7 8SQ,51.39912,-0.09967,E01001155
CR7 8SR,51.399,-0.09998,E01001155
CR7 8SS,51.40516,-0.0995,E01001147
CR7 8SU,51.40043,-0.09335,E01001153
CR7 8SW,51.37572,-0.09186,E01000975
CR7 8SX,51.39831,-0.09961,E01001155
CR7 8SY,51.40465,-0.10109,E01001147
CR7 8SZ,51.37572,-0.09186,E01000975
CR7 8TA,51.4036,-0.1016,E01001151
CR7 8TB,51.40342,-0.10218,E01001151
CR7 8TF,51.40474,-0.0993,E01001152
CR7 8TQ,51.40474,-0.0993,E01001152
CR7 8TT,51.37572,-0.09186,E01000975
CR7 8TU,51.37807,-0.11329,E01001010
CR7 8TW,51.37572,-0.09186,E01000975
CR7 8TX,51.37572,-0.09186,E01000975
CR7 8TY,51.37572,-0.09186,E01000975
CR7 8TZ,51.37572,-0.09186,E01000975
CR7 8UA,51.37572,-0.09186,E01000975
CR7 8UB,51.39843,-0.09733,E01001155
CR7 8UD,51.37572,-0.09186,E01000975
CR7 8UE,51.39843,-0.09733,E01001155
CR7 8UF,51.37572,-0.09186,E01000975
CR7 8UG,51.40474,-0.0993,E01001152
CR7 8UH,51.37572,-0.09186,E01000975
CR7 8UJ,51.37572,-0.09186,E01000975
CR7 8UL,51.37572,-0.09186,E01000975
CR7 8UN,51.39873,-0.09835,E01001155
CR7 8UP,51.37572,-0.09186,E01000975
CR7 8UQ,51.37572,-0.09186,E01000975
CR7 8UR,51.37572,-0.09186,E01000975
CR7 8US,51.37807,-0.11327,E01001010
CR7 8UT,51.37572,-0.09186,E01000975
CR7 8UU,51.37572,-0.09186,E01000975
CR7 8UW,51.37572,-0.09186,E01000975
CR7 8UX,51.37807,-0.11329,E01001010
CR7 8UY,51.37572,-0.09186,E01000975
CR7 8UZ,51.37572,-0.09186,E01000975
CR7 8WA,51.37572,-0.09186,E01000975
CR7 8WB,51.37572,-0.09186,E01000975
CR7 8WD,51.37572,-0.09186,E01000975
CR7 8WE,51.37572,-0.09186,E01000975
CR7 8WF,51.37572,-0.09186,E01000975
CR7 8WG,51.37572,-0.09186,E01000975
CR7 8WH,51.37572,-0.09186,E01000975
CR7 8WJ,51.37572,-0.09186,E01000975
CR7 8WL,51.37572,-0.09186,E01000975
CR7 8WN,51.37572,-0.09186,E01000975
CR7 8WP,51.37572,-0.09186,E01000975
CR7 8WQ,51.37572,-0.09186,E01000975
CR7 8WR,51.37572,-0.09186,E01000975
CR7 8WS,51.37572,-0.09186,E01000975
CR7 8WT,51.37572,-0.09186,E01000975
CR7 8WU,51.37572,-0.09186,E01000975
CR7 8WW,51.37572,-0.09186,E01000975
CR7 8WX,51.37572,-0.09186,E01000975
CR7 8WY,51.37572,-0.09186,E01000975
CR7 8WZ,51.37572,-0.09186,E01000975
CR7 8XA,51.37572,-0.09186,E01000975
CR7 8XB,51.37572,-0.09186,E01000975
CR7 8XD,51.37572,-0.09186,E01000975
CR7 8XE,51.39857,-0.09706,E01001155
CR7 8XF,51.37572,-0.09186,E01000975
CR7 8XG,51.37572,-0.09186,E01000975
CR7 8XH,51.39857,-0.09706,E01001155
CR7 8XJ,51.37807,-0.11329,E01001010
CR7 8XL,51.40286,-0.09596,E01001146
CR7 8XN,51.37572,-0.09186,E01000975
CR7 8XP,51.39621,-0.09274,E01001155
CR7 8XQ,51.37572,-0.09186,E01000975
CR7 8XR,51.37572,-0.09186,E01000975
CR7 8XS,51.37572,-0.09186,E01000975
CR7 8XU,51.40721,-0.10407,E01001147
CR7 8XW,51.40474,-0.0993,E01001152
CR7 8XX,51.40506,-0.09957,E01001147
CR7 8XY,51.39825,-0.0953,E01001154
CR7 8XZ,51.37572,-0.09186,E01000975
CR7 8YA,51.37572,-0.09186,E01000975
CR7 8YB,51.37572,-0.09186,E01000975
CR7 8YD,51.40647,-0.10358,E01001147
CR7 8YE,51.37572,-0.09186,E01000975
CR7 8YF,51.37572,-0.09186,E01000975
CR7 8YG,51.40848,-0.09812,E01001148
CR7 8YH,51.37572,-0.09186,E01000975
CR7 8YJ,51.37572,-0.09186,E01000975
CR7 8YL,51.37572,-0.09186,E01000975
CR7 8YN,51.4055,-0.0982,E01001148
CR7 8YP,51.37572,-0.09186,E01000975
CR7 8YQ,51.37572,-0.09186,E01000975
CR7 8YR,51.37572,-0.09186,E01000975
CR7 8YS,51.40474,-0.0993,E01001152
CR7 8YT,51.39904,-0.09771,E01001155
CR7 8YU,51.37572,-0.09186,E01000975
CR7 8YW,51.37572,-0.09186,E01000975
CR7 8YX,51.37572,-0.09186,E01000975
CR7 8YY,51.39903,-0.09577,E01001154
CR7 8YZ,51.37572,-0.09186,E01000975
CR7 8ZA,51.37572,-0.09186,E01000975
CR7 8ZB,51.37572,-0.09186,E01000975
CR7 8ZD,51.37572,-0.09186,E01000975
CR7 8ZE,51.37572,-0.09186,E01000975
CR7 8ZF,51.40474,-0.0993,E01001152
CR7 8ZG,51.37572,-0.09186,E01000975
CR7 8ZH,51.40474,-0.0993,E01001152
CR7 8ZJ,51.40474,-0.0993,E01001152
CR7 8ZL,51.40474,-0.0993,E01001152
CR7 8ZN,51.40474,-0.0993,E01001152
CR7 8ZP,51.37572,-0.09186,E01000975
CR7 8ZQ,51.37572,-0.09186,E01000975
CR7 8ZR,51.37572,-0.09186,E01000975
CR7 8ZS,51.40474,-0.0993,E01001152
CR7 8ZT,51.37572,-0.09186,E01000975
CR7 8ZU,51.40474,-0.0993,E01001152
CR7 8ZY,51.40474,-0.0993,E01001152
CR7 8ZZ,51.40848,-0.09369,E01001148
