ME17 4AA,51.23204,0.50472,E01024342
ME17 4AB,51.22175,0.51608,E01024345
ME17 4AD,51.22907,0.52535,E01024331
ME17 4AE,51.22767,0.52587,E01024331
ME17 4AF,51.22759,0.52509,E01024345
ME17 4AG,51.22258,0.52387,E01024345
ME17 4AH,51.23198,0.49797,E01024342
ME17 4AJ,51.22973,0.51567,E01024345
ME17 4AL,51.227,0.50998,E01024345
ME17 4AN,51.22262,0.51819,E01024345
ME17 4AP,51.22136,0.51036,E01024345
ME17 4AQ,51.22674,0.51064,E01024345
ME17 4AR,51.21671,0.51154,E01024345
ME17 4AS,51.21543,0.51226,E01024345
ME17 4AT,51.21794,0.51096,E01024345
ME17 4AU,51.21083,0.51246,E01024345
ME17 4AW,51.22382,0.51045,E01024345
ME17 4AX,51.21462,0.51037,E01024345
ME17 4AY,51.20909,0.50679,E01024345
ME17 4AZ,51.21081,0.50347,E01024345
ME17 4BA,51.21218,0.49643,E01024345
ME17 4BB,51.21283,0.49668,E01024345
ME17 4BD,51.21499,0.4857,E01024345
ME17 4BE,51.2159,0.49697,E01024345
ME17 4BF,51.22999,0.51427,E01024376
ME17 4BG,51.23158,0.49507,E01024342
ME17 4BH,51.22025,0.49977,E01024345
ME17 4BJ,51.21852,0.50425,E01024345
ME17 4BL,51.21759,0.51045,E01024345
ME17 4BN,51.21762,0.50837,E01024345
ME17 4BP,51.22352,0.50289,E01024345
ME17 4BQ,51.22035,0.49713,E01024345
ME17 4BS,51.22501,0.49146,E01024345
ME17 4BT,51.22808,0.48912,E01024342
ME17 4BU,51.22154,0.53563,E01024332
ME17 4BW,51.21846,0.508,E01024345
ME17 4BX,51.22216,0.49338,E01024345
ME17 4BY,51.2107,0.54111,E01024332
ME17 4BZ,51.21648,0.53491,E01024332
ME17 4DA,51.21075,0.55351,E01024332
ME17 4DB,51.20417,0.54708,E01024332
ME17 4DD,51.20799,0.53336,E01024332
ME17 4DE,51.20757,0.52368,E01024345
ME17 4DF,51.23269,0.49397,E01024342
ME17 4DG,51.23236,0.4939,E01024342
ME17 4DH,51.23109,0.49334,E01024342
ME17 4DJ,51.23049,0.49352,E01024342
ME17 4DL,51.23012,0.49224,E01024342
ME17 4DN,51.23088,0.49193,E01024345
ME17 4DP,51.23059,0.4885,E01024345
ME17 4DQ,51.23112,0.49382,E01024342
ME17 4DR,51.23033,0.48727,E01024345
ME17 4DS,51.23139,0.48807,E01024345
ME17 4DT,51.2313,0.48967,E01024342
ME17 4DU,51.23221,0.49161,E01024342
ME17 4DW,51.2303,0.49042,E01024345
ME17 4DX,51.23163,0.49152,E01024342
ME17 4DY,51.23217,0.48854,E01024342
ME17 4DZ,51.23272,0.49086,E01024342
ME17 4EA,51.23327,0.48979,E01024342
ME17 4EB,51.23346,0.4909,E01024342
ME17 4ED,51.23371,0.48984,E01024342
ME17 4EE,51.23374,0.48883,E01024342
ME17 4EF,51.23048,0.50513,E01024342
ME17 4EG,51.23585,0.48514,E01024343
ME17 4EH,51.23341,0.49294,E01024342
ME17 4EJ,51.23295,0.49255,E01024342
ME17 4EL,51.23168,0.5016,E01024342
ME17 4EN,51.23249,0.50226,E01024342
ME17 4EP,51.2333,0.50186,E01024344
ME17 4EQ,51.23415,0.49018,E01024342
ME17 4ER,51.23339,0.49995,E01024344
ME17 4ES,51.23312,0.49874,E01024344
ME17 4ET,51.23392,0.49811,E01024344
ME17 4EU,51.23362,0.49896,E01024344
ME17 4EW,51.23256,0.50104,E01024344
ME17 4EX,51.23421,0.49678,E01024344
ME17 4EY,51.23436,0.49915,E01024344
ME17 4EZ,51.23469,0.49722,E01024344
ME17 4FA,51.23171,0.50433,E01024342
ME17 4FB,51.23678,0.49803,E01024344
ME17 4FD,51.23198,0.50514,E01024342
ME17 4FE,51.23115,0.504,E01024342
ME17 4FF,51.23139,0.5039,E01024342
ME17 4FG,51.23251,0.5036,E01024342
ME17 4FH,51.23173,0.5035,E01024342
ME17 4FJ,51.23267,0.50454,E01024342
ME17 4FL,51.23104,0.52123,E01024376
ME17 4FN,51.23377,0.52219,E01024376
ME17 4FP,51.23267,0.5302,E01024331
ME17 4FQ,51.23181,0.53153,E01024331
ME17 4FR,51.2303,0.49876,E01024342
ME17 4FS,51.2304,0.49835,E01024342
ME17 4FT,51.23292,0.49434,E01024342
ME17 4FU,51.23747,0.49612,E01024344
ME17 4FW,51.23706,0.49507,E01024344
ME17 4FX,51.23732,0.49473,E01024344
ME17 4FY,51.23786,0.49674,E01024344
ME17 4FZ,51.23689,0.49503,E01024344
ME17 4GA,51.23867,0.55024,E01024388
ME17 4GB,51.23908,0.55032,E01024388
ME17 4GD,51.2382,0.54964,E01024388
ME17 4GE,51.23884,0.54836,E01024388
ME17 4GF,51.2376,0.54994,E01024388
ME17 4GJ,51.23881,0.55107,E01024388
ME17 4GL,51.23747,0.49492,E01024344
ME17 4GN,51.23809,0.49702,E01024344
ME17 4GP,51.23783,0.49733,E01024344
ME17 4GQ,51.22968,0.53412,E01024331
ME17 4GR,51.22938,0.53376,E01024331
ME17 4GS,51.23124,0.49666,E01024342
ME17 4GT,51.23048,0.49626,E01024342
ME17 4GU,51.23099,0.49484,E01024342
ME17 4GW,51.23877,0.53238,E01024331
ME17 4GX,51.23516,0.49534,E01024344
ME17 4GY,51.22997,0.52747,E01024331
ME17 4GZ,51.23274,0.52976,E01024331
ME17 4HA,51.23388,0.50078,E01024344
ME17 4HB,51.23454,0.50098,E01024344
ME17 4HD,51.23508,0.49996,E01024344
ME17 4HE,51.2355,0.49793,E01024344
ME17 4HF,51.23682,0.49952,E01024344
ME17 4HG,51.23578,0.49948,E01024344
ME17 4HH,51.23313,0.50073,E01024344
ME17 4HJ,51.23061,0.49443,E01024342
ME17 4HL,51.23132,0.49246,E01024342
ME17 4HN,51.23093,0.5322,E01024331
ME17 4HP,51.22881,0.53212,E01024331
ME17 4HQ,51.23588,0.50085,E01024344
ME17 4HR,51.22974,0.52445,E01024331
ME17 4HS,51.22955,0.52775,E01024331
ME17 4HT,51.22946,0.51942,E01024345
ME17 4HU,51.22923,0.53577,E01024331
ME17 4HW,51.23247,0.53138,E01024331
ME17 4HX,51.23041,0.51589,E01024376
ME17 4HY,51.23226,0.52145,E01024376
ME17 4HZ,51.22921,0.54078,E01024331
ME17 4JA,51.22869,0.54512,E01024332
ME17 4JB,51.22672,0.53905,E01024332
ME17 4JD,51.22917,0.54353,E01024331
ME17 4JE,51.22932,0.54796,E01024331
ME17 4JF,51.22986,0.53751,E01024331
ME17 4JG,51.23224,0.54012,E01024331
ME17 4JH,51.22993,0.5428,E01024331
ME17 4JJ,51.22722,0.54104,E01024332
ME17 4JL,51.22689,0.54717,E01024332
ME17 4JN,51.22838,0.55281,E01024332
ME17 4JP,51.22539,0.55439,E01024332
ME17 4JQ,51.23017,0.54068,E01024331
ME17 4JR,51.22433,0.55365,E01024332
ME17 4JS,51.2199,0.54822,E01024332
ME17 4JT,51.21863,0.55007,E01024332
ME17 4JU,51.22051,0.55372,E01024332
ME17 4JW,51.22764,0.55175,E01024332
ME17 4JX,51.21758,0.55236,E01024332
ME17 4JY,51.23959,0.54729,E01024388
ME17 4JZ,51.23207,0.50272,E01024342
ME17 4LA,51.23373,0.53165,E01024331
ME17 4LB,51.27833,0.5191,E01024383
ME17 4LD,51.23413,0.53365,E01024331
ME17 4LE,51.23287,0.53262,E01024331
ME17 4LF,51.23266,0.53421,E01024331
ME17 4LG,51.23076,0.53474,E01024331
ME17 4LH,51.23229,0.53302,E01024331
ME17 4LJ,51.23151,0.53334,E01024331
ME17 4LL,51.233,0.53032,E01024331
ME17 4LN,51.23358,0.52476,E01024331
ME17 4LP,51.23321,0.52881,E01024331
ME17 4LQ,51.23196,0.53409,E01024331
ME17 4LR,51.23439,0.52683,E01024376
ME17 4LS,51.23298,0.52669,E01024331
ME17 4LT,51.23377,0.5306,E01024331
ME17 4LU,51.234,0.53117,E01024331
ME17 4LW,51.23247,0.52745,E01024331
ME17 4LX,51.23525,0.53268,E01024331
ME17 4LY,51.23789,0.53308,E01024331
ME17 4LZ,51.2378,0.53455,E01024331
ME17 4NA,51.2422,0.53539,E01024331
ME17 4NB,51.24106,0.53921,E01024331
ME17 4ND,51.24135,0.53503,E01024331
ME17 4NE,51.24025,0.5453,E01024388
ME17 4NF,51.23465,0.54557,E01024331
ME17 4NG,51.23442,0.54448,E01024331
ME17 4NH,51.23712,0.53381,E01024331
ME17 4NJ,51.23673,0.53797,E01024331
ME17 4NL,51.27833,0.5191,E01024383
ME17 4NN,51.24047,0.54652,E01024388
ME17 4NP,51.23022,0.51174,E01024376
ME17 4NQ,51.23692,0.54098,E01024331
ME17 4NR,51.22989,0.51035,E01024345
ME17 4NS,51.22926,0.51045,E01024345
ME17 4NT,51.22998,0.50917,E01024345
ME17 4NU,51.23018,0.50598,E01024345
ME17 4NW,51.24102,0.5393,E01024331
ME17 4NX,51.23,0.50547,E01024345
ME17 4NY,51.22868,0.50467,E01024342
ME17 4NZ,51.22657,0.50331,E01024345
ME17 4PA,51.23078,0.50312,E01024342
ME17 4PB,51.22891,0.49945,E01024342
ME17 4PD,51.23119,0.50078,E01024344
ME17 4PE,51.23123,0.50057,E01024344
ME17 4PF,51.23293,0.49181,E01024342
ME17 4PG,51.22891,0.49943,E01024342
ME17 4PH,51.22997,0.50937,E01024345
ME17 4PJ,51.23286,0.49556,E01024342
ME17 4PL,51.23157,0.49798,E01024342
ME17 4PN,51.23233,0.49539,E01024342
ME17 4PP,51.23267,0.49502,E01024342
ME17 4PQ,51.23364,0.49441,E01024342
ME17 4PR,51.23244,0.49477,E01024342
ME17 4PS,51.23343,0.49522,E01024342
ME17 4PT,51.23533,0.49565,E01024344
ME17 4PU,51.23474,0.49586,E01024342
ME17 4PW,51.23262,0.4953,E01024342
ME17 4PX,51.23608,0.49658,E01024344
ME17 4PY,51.2372,0.49722,E01024344
ME17 4PZ,51.23654,0.49723,E01024344
ME17 4QA,51.23676,0.49892,E01024344
ME17 4QB,51.23583,0.49772,E01024344
ME17 4QD,51.2361,0.49844,E01024344
ME17 4QE,51.23747,0.49886,E01024344
ME17 4QF,51.23686,0.50067,E01024344
ME17 4QG,51.23398,0.493,E01024343
ME17 4QH,51.23428,0.4946,E01024342
ME17 4QJ,51.23518,0.49187,E01024343
ME17 4QL,51.23564,0.49337,E01024343
ME17 4QN,51.23512,0.49243,E01024343
ME17 4QP,51.23548,0.49429,E01024344
ME17 4QQ,51.23441,0.49196,E01024343
ME17 4QR,51.23481,0.49337,E01024343
ME17 4QS,51.23629,0.49332,E01024344
ME17 4QT,51.23224,0.49989,E01024344
ME17 4QU,51.23169,0.50036,E01024344
ME17 4QW,51.23499,0.49405,E01024343
ME17 4QX,51.2354,0.49092,E01024343
ME17 4QY,51.23539,0.48992,E01024343
ME17 4QZ,51.23603,0.49682,E01024344
ME17 4RA,51.23671,0.49066,E01024344
ME17 4RB,51.23189,0.49429,E01024342
ME17 4RD,51.24035,0.546,E01024388
ME17 4RE,51.27833,0.5191,E01024383
ME17 4RF,51.23141,0.5023,E01024342
ME17 4RG,51.22997,0.50937,E01024345
ME17 4RH,51.23141,0.5023,E01024342
ME17 4RJ,51.27833,0.5191,E01024383
ME17 4RL,51.23141,0.5023,E01024342
ME17 4RN,51.27833,0.5191,E01024383
ME17 4RP,51.2318,0.53141,E01024331
ME17 4RQ,51.23141,0.5023,E01024342
ME17 4RR,51.23435,0.5445,E01024331
ME17 4RS,51.23141,0.5023,E01024342
ME17 4RT,51.27833,0.5191,E01024383
ME17 4RU,51.27833,0.5191,E01024383
ME17 4RW,51.27833,0.5191,E01024383
ME17 4RX,51.23141,0.5023,E01024342
ME17 4RY,51.22996,0.50856,E01024345
ME17 4RZ,51.27833,0.5191,E01024383
ME17 4SA,51.23181,0.53153,E01024331
ME17 4SB,51.23141,0.5023,E01024342
ME17 4SD,51.23141,0.5023,E01024342
ME17 4SE,51.24092,0.54694,E01024388
ME17 4SF,51.27833,0.5191,E01024383
ME17 4SG,51.23697,0.55213,E01024388
ME17 4SH,51.23626,0.55319,E01024388
ME17 4SJ,51.22933,0.53469,E01024331
ME17 4SL,51.23992,0.54753,E01024388
ME17 4SN,51.22965,0.53465,E01024331
ME17 4SP,51.24187,0.54506,E01024388
ME17 4SQ,51.23105,0.50312,E01024342
ME17 4SR,51.2335,0.53665,E01024331
ME17 4ST,51.23412,0.53601,E01024331
ME17 4SZ,51.24202,0.54766,E01024388
ME17 4TA,51.23451,0.48906,E01024342
ME17 4TB,51.23451,0.48906,E01024342
ME17 4TD,51.23047,0.50551,E01024342
ME17 4TE,51.23451,0.48906,E01024342
ME17 4TF,51.23046,0.5055,E01024342
ME17 4TG,51.24188,0.54453,E01024388
ME17 4TH,51.23047,0.50551,E01024342
ME17 4TJ,51.27833,0.5191,E01024383
ME17 4TL,51.23047,0.50551,E01024342
ME17 4TN,51.24049,0.54782,E01024388
ME17 4TP,51.23181,0.5315,E01024331
ME17 4TQ,51.27833,0.5191,E01024383
ME17 4TR,51.22996,0.50856,E01024345
ME17 4TS,51.24132,0.54791,E01024388
ME17 4TU,51.27833,0.5191,E01024383
ME17 4TX,51.23201,0.49889,E01024344
ME17 4UN,51.27833,0.5191,E01024383
ME17 4UR,51.2418,0.54656,E01024388
ME17 4US,51.24218,0.54601,E01024388
ME17 4UT,51.24242,0.54602,E01024388
ME17 4UU,51.24286,0.54757,E01024388
ME17 4UW,51.24283,0.54669,E01024388
ME17 4UX,51.24182,0.54401,E01024388
ME17 4UY,51.24088,0.54466,E01024388
ME17 4WA,51.27833,0.5191,E01024383
ME17 4WB,51.27833,0.5191,E01024383
ME17 4WD,51.2318,0.53141,E01024331
ME17 4WE,51.23181,0.5315,E01024331
ME17 4WF,51.23181,0.5315,E01024331
ME17 4WG,51.2318,0.53141,E01024331
ME17 4WH,51.27833,0.5191,E01024383
ME17 4WJ,51.27833,0.5191,E01024383
ME17 4WL,51.27833,0.5191,E01024383
ME17 4WN,51.27833,0.5191,E01024383
ME17 4WP,51.27833,0.5191,E01024383
ME17 4WQ,51.2318,0.53141,E01024331
ME17 4WR,51.27833,0.5191,E01024383
ME17 4WS,51.27833,0.5191,E01024383
ME17 4WT,51.27833,0.5191,E01024383
ME17 4WU,51.2318,0.53141,E01024331
ME17 4WW,51.27833,0.5191,E01024383
ME17 4WX,51.27833,0.5191,E01024383
ME17 4WY,51.23181,0.5315,E01024331
ME17 4WZ,51.27833,0.5191,E01024383
ME17 4XA,51.27833,0.5191,E01024383
ME17 4XB,51.23181,0.5315,E01024331
ME17 4XD,51.23181,0.53153,E01024331
ME17 4XJ,51.23181,0.53153,E01024331
ME17 4XQ,51.23181,0.5315,E01024331
ME17 4YT,51.27833,0.5191,E01024383
ME17 4YY,51.23181,0.53153,E01024331
ME17 4YZ,51.23181,0.53153,E01024331
