CM15 0AA,51.66598,0.26947,E01021443
CM15 0AB,51.66695,0.26881,E01021443
CM15 0AD,51.66766,0.26853,E01021443
CM15 0AE,51.66611,0.27091,E01021443
CM15 0AF,51.66602,0.27021,E01021443
CM15 0AG,51.66538,0.27159,E01021443
CM15 0AH,51.66598,0.27187,E01021444
CM15 0AJ,51.66462,0.27222,E01021444
CM15 0AL,51.66497,0.27313,E01021444
CM15 0AN,51.66335,0.275,E01021444
CM15 0AP,51.66273,0.2751,E01021444
CM15 0AQ,51.62031,0.30359,E01021436
CM15 0AR,51.66322,0.27407,E01021444
CM15 0AS,51.66319,0.27495,E01021444
CM15 0AT,51.66304,0.27658,E01021444
CM15 0AU,51.66245,0.27799,E01021444
CM15 0AW,51.66376,0.27543,E01021444
CM15 0AX,51.6623,0.27653,E01021444
CM15 0AY,51.66231,0.27581,E01021444
CM15 0AZ,51.66376,0.27741,E01021444
CM15 0BA,51.66435,0.27781,E01021441
CM15 0BB,51.6641,0.27668,E01021444
CM15 0BD,51.66568,0.27911,E01021441
CM15 0BE,51.66598,0.28082,E01021441
CM15 0BG,51.66426,0.28101,E01021444
CM15 0BH,51.66484,0.28232,E01021444
CM15 0BJ,51.66478,0.28003,E01021441
CM15 0BL,51.66331,0.27907,E01021444
CM15 0BN,51.6628,0.28115,E01021444
CM15 0BP,51.66436,0.27344,E01021444
CM15 0BQ,51.66398,0.28183,E01021444
CM15 0BS,51.66316,0.28244,E01021444
CM15 0BT,51.66313,0.28019,E01021444
CM15 0BU,51.6639,0.28228,E01021444
CM15 0BW,51.66313,0.28019,E01021444
CM15 0BX,51.66234,0.28001,E01021444
CM15 0BY,51.66278,0.27843,E01021444
CM15 0BZ,51.62031,0.30359,E01021436
CM15 0DA,51.66935,0.30173,E01021441
CM15 0DB,51.66789,0.27276,E01021443
CM15 0DD,51.65818,0.26927,E01021444
CM15 0DE,51.65864,0.26994,E01021444
CM15 0DF,51.65899,0.2703,E01021444
CM15 0DG,51.66264,0.27118,E01021443
CM15 0DH,51.66735,0.27098,E01021443
CM15 0DJ,51.66671,0.27104,E01021444
CM15 0DL,51.6675,0.27376,E01021443
CM15 0DN,51.66713,0.29835,E01021441
CM15 0DP,51.67026,0.28344,E01021470
CM15 0DQ,51.62031,0.30359,E01021436
CM15 0DR,51.67495,0.29054,E01021470
CM15 0DS,51.6747,0.29248,E01021471
CM15 0DT,51.67565,0.29383,E01021470
CM15 0DU,51.6763,0.29366,E01021470
CM15 0DW,51.66751,0.27728,E01021443
CM15 0DX,51.67666,0.29553,E01021470
CM15 0DY,51.66713,0.29835,E01021441
CM15 0DZ,51.67851,0.29329,E01021470
CM15 0EA,51.67834,0.29483,E01021470
CM15 0EB,51.67941,0.29412,E01021470
CM15 0ED,51.67909,0.29259,E01021470
CM15 0EE,51.67981,0.29181,E01021470
CM15 0EF,51.68013,0.29234,E01021470
CM15 0EH,51.68219,0.28923,E01021470
CM15 0EJ,51.68253,0.28638,E01021470
CM15 0EL,51.68185,0.29131,E01021470
CM15 0EN,51.68242,0.29241,E01021470
CM15 0EP,51.68239,0.29069,E01021470
CM15 0EQ,51.68129,0.29036,E01021470
CM15 0ER,51.68455,0.29187,E01021470
CM15 0ES,51.68701,0.29306,E01021769
CM15 0ET,51.69027,0.29644,E01021769
CM15 0EU,51.67898,0.29344,E01021470
CM15 0EW,51.68155,0.29076,E01021470
CM15 0EX,51.66299,0.27763,E01021444
CM15 0EY,51.66396,0.27571,E01021444
CM15 0EZ,51.66713,0.29835,E01021441
CM15 0FA,51.66458,0.271,E01021443
CM15 0FB,51.62031,0.30359,E01021436
CM15 0FD,51.66713,0.29835,E01021441
CM15 0FE,51.66713,0.29835,E01021441
CM15 0FF,51.64741,0.34687,E01021460
CM15 0FG,51.64791,0.34667,E01021460
CM15 0FH,51.64699,0.34656,E01021460
CM15 0FJ,51.66456,0.27229,E01021444
CM15 0GT,51.62031,0.30359,E01021436
CM15 0HA,51.67352,0.29354,E01021471
CM15 0HB,51.67488,0.29631,E01021471
CM15 0HD,51.67728,0.29976,E01021470
CM15 0HE,51.67815,0.30148,E01021470
CM15 0HF,51.66713,0.29835,E01021441
CM15 0HG,51.67904,0.30056,E01021470
CM15 0HH,51.67904,0.30184,E01021470
CM15 0HJ,51.67965,0.30111,E01021471
CM15 0HL,51.67938,0.30293,E01021471
CM15 0HN,51.6796,0.29833,E01021470
CM15 0HP,51.67817,0.29713,E01021470
CM15 0HQ,51.62031,0.30359,E01021436
CM15 0HR,51.67592,0.29694,E01021470
CM15 0HS,51.67562,0.29688,E01021470
CM15 0HT,51.67294,0.29238,E01021441
CM15 0HU,51.67233,0.29135,E01021441
CM15 0HW,51.6204,0.30358,E01021436
CM15 0HX,51.66823,0.28738,E01021444
CM15 0HY,51.66571,0.2861,E01021444
CM15 0HZ,51.66727,0.28512,E01021444
CM15 0JA,51.66459,0.288,E01021444
CM15 0JB,51.66328,0.28786,E01021444
CM15 0JD,51.66003,0.285,E01021444
CM15 0JE,51.65679,0.28219,E01021444
CM15 0JF,51.65351,0.28189,E01021444
CM15 0JG,51.65537,0.27751,E01021444
CM15 0JH,51.6568,0.27577,E01021444
CM15 0JJ,51.65716,0.27433,E01021444
CM15 0JL,51.65692,0.27108,E01021444
CM15 0JN,51.65722,0.27084,E01021444
CM15 0JP,51.65701,0.2712,E01021444
CM15 0JQ,51.62031,0.30359,E01021436
CM15 0JR,51.66713,0.29835,E01021441
CM15 0JS,51.66713,0.29835,E01021441
CM15 0JX,51.65641,0.26675,E01021444
CM15 0JY,51.62031,0.30359,E01021436
CM15 0JZ,51.65398,0.26673,E01021444
CM15 0LA,51.67688,0.2622,E01021443
CM15 0LB,51.68762,0.25745,E01021443
CM15 0LD,51.69113,0.2746,E01021470
CM15 0LE,51.68299,0.28182,E01021470
CM15 0LF,51.66713,0.29835,E01021441
CM15 0LG,51.68165,0.28018,E01021470
CM15 0LH,51.68094,0.27408,E01021470
CM15 0LJ,51.67812,0.27887,E01021470
CM15 0LL,51.6722,0.27957,E01021470
CM15 0LN,51.67012,0.29958,E01021441
CM15 0LP,51.66972,0.30069,E01021441
CM15 0LR,51.67186,0.29364,E01021441
CM15 0LS,51.67224,0.29506,E01021471
CM15 0LT,51.67166,0.29681,E01021471
CM15 0LU,51.66954,0.29747,E01021441
CM15 0LW,51.62031,0.30359,E01021436
CM15 0LX,51.66979,0.29597,E01021441
CM15 0LY,51.67001,0.29644,E01021441
CM15 0LZ,51.67011,0.29999,E01021441
CM15 0NA,51.66851,0.3017,E01021441
CM15 0NB,51.66755,0.30153,E01021442
CM15 0ND,51.66889,0.30003,E01021441
CM15 0NE,51.6692,0.29901,E01021441
CM15 0NF,51.66775,0.29984,E01021441
CM15 0NG,51.66781,0.29812,E01021441
CM15 0NH,51.66827,0.29755,E01021441
CM15 0NJ,51.66671,0.29522,E01021441
CM15 0NL,51.66647,0.29337,E01021441
CM15 0NN,51.6673,0.29569,E01021441
CM15 0NP,51.67509,0.30159,E01021471
CM15 0NQ,51.66671,0.29387,E01021441
CM15 0NR,51.67523,0.30382,E01021471
CM15 0NS,51.67639,0.30498,E01021471
CM15 0NT,51.67471,0.30829,E01021471
CM15 0NU,51.66713,0.29835,E01021441
CM15 0NW,51.66727,0.29479,E01021441
CM15 0NX,51.67508,0.31165,E01021471
CM15 0NY,51.62031,0.30359,E01021436
CM15 0NZ,51.67417,0.30648,E01021471
CM15 0PA,51.67345,0.30788,E01021471
CM15 0PB,51.67289,0.30785,E01021471
CM15 0PD,51.67289,0.30861,E01021471
CM15 0PE,51.67264,0.3098,E01021471
CM15 0PF,51.6716,0.30665,E01021471
CM15 0PG,51.67195,0.30837,E01021471
CM15 0PH,51.67148,0.30817,E01021471
CM15 0PJ,51.67081,0.30759,E01021471
CM15 0PL,51.6714,0.30593,E01021471
CM15 0PN,51.67075,0.30453,E01021471
CM15 0PP,51.6727,0.30663,E01021471
CM15 0PQ,51.6716,0.30665,E01021471
CM15 0PR,51.67118,0.30946,E01021471
CM15 0PS,51.67111,0.31054,E01021471
CM15 0PT,51.66984,0.31031,E01021471
CM15 0PU,51.67188,0.30728,E01021471
CM15 0PW,51.67163,0.3052,E01021471
CM15 0PX,51.66976,0.31228,E01021471
CM15 0PY,51.67068,0.31222,E01021471
CM15 0PZ,51.67586,0.29646,E01021470
CM15 0QA,51.66755,0.31014,E01021471
CM15 0QB,51.66857,0.31184,E01021471
CM15 0QD,51.66896,0.31245,E01021471
CM15 0QE,51.66604,0.31447,E01021469
CM15 0QF,51.66969,0.31233,E01021471
CM15 0QG,51.67385,0.30991,E01021471
CM15 0QH,51.66711,0.29959,E01021441
CM15 0QJ,51.66653,0.30122,E01021441
CM15 0QL,51.66638,0.30004,E01021441
CM15 0QN,51.66662,0.30256,E01021442
CM15 0QP,51.66393,0.30222,E01021442
CM15 0QQ,51.67418,0.3089,E01021471
CM15 0QR,51.66193,0.3058,E01021442
CM15 0QS,51.66208,0.30431,E01021442
CM15 0QT,51.66442,0.30379,E01021442
CM15 0QU,51.66266,0.30224,E01021442
CM15 0QW,51.6654,0.30199,E01021441
CM15 0QX,51.66269,0.30538,E01021442
CM15 0QY,51.66242,0.30519,E01021442
CM15 0QZ,51.65957,0.30314,E01021444
CM15 0RA,51.66185,0.30194,E01021442
CM15 0RB,51.66161,0.30469,E01021442
CM15 0RD,51.66175,0.30692,E01021442
CM15 0RE,51.66108,0.30844,E01021442
CM15 0RF,51.62031,0.30359,E01021436
CM15 0RG,51.66222,0.30841,E01021442
CM15 0RH,51.66307,0.30737,E01021442
CM15 0RJ,51.66347,0.30758,E01021442
CM15 0RL,51.66423,0.30592,E01021442
CM15 0RN,51.66388,0.30776,E01021442
CM15 0RP,51.66318,0.30405,E01021442
CM15 0RQ,51.66262,0.30619,E01021442
CM15 0RR,51.66352,0.30398,E01021442
CM15 0RS,51.66564,0.30326,E01021442
CM15 0RT,51.66534,0.30466,E01021442
CM15 0RU,51.6644,0.3108,E01021442
CM15 0RW,51.62031,0.30359,E01021436
CM15 0RX,51.6627,0.29759,E01021444
CM15 0RY,51.66713,0.29835,E01021441
CM15 0RZ,51.66289,0.30154,E01021442
CM15 0SA,51.6634,0.31201,E01021442
CM15 0SB,51.64082,0.30228,E01021462
CM15 0SD,51.64204,0.30464,E01021462
CM15 0SE,51.64247,0.30388,E01021462
CM15 0SF,51.64888,0.32246,E01021467
CM15 0SG,51.64582,0.31022,E01021444
CM15 0SH,51.6477,0.31772,E01021467
CM15 0SJ,51.64916,0.30698,E01021444
CM15 0SL,51.65465,0.30785,E01021444
CM15 0SN,51.65824,0.30995,E01021442
CM15 0SP,51.66096,0.31497,E01021444
CM15 0SQ,51.62031,0.30359,E01021436
CM15 0SR,51.66598,0.31751,E01021469
CM15 0SS,51.66441,0.327,E01021469
CM15 0ST,51.66426,0.3285,E01021444
CM15 0SU,51.66456,0.33138,E01021460
CM15 0SW,51.62031,0.30359,E01021436
CM15 0SX,51.66143,0.33915,E01021460
CM15 0SY,51.6599,0.34182,E01021460
CM15 0SZ,51.65545,0.34284,E01021460
CM15 0TA,51.65857,0.34771,E01021460
CM15 0TB,51.66114,0.35145,E01021460
CM15 0TD,51.65608,0.35487,E01021460
CM15 0TE,51.65651,0.35284,E01021460
CM15 0TG,51.65628,0.35358,E01021460
CM15 0TH,51.65407,0.35744,E01021460
CM15 0TJ,51.65416,0.35886,E01021460
CM15 0TL,51.65535,0.35845,E01021460
CM15 0TN,51.65517,0.3594,E01021460
CM15 0TP,51.65317,0.35733,E01021460
CM15 0TQ,51.65536,0.35498,E01021460
CM15 0TR,51.6483,0.34832,E01021460
CM15 0TS,51.66071,0.30968,E01021442
CM15 0TT,51.6614,0.31041,E01021442
CM15 0TU,51.66149,0.30863,E01021442
CM15 0TX,51.6521,0.34433,E01021460
CM15 0TY,51.62031,0.30359,E01021436
CM15 0TZ,51.65192,0.34986,E01021460
CM15 0UA,51.65669,0.35742,E01021460
CM15 0UB,51.65971,0.36456,E01021460
CM15 0UD,51.65689,0.36032,E01021460
CM15 0UE,51.65604,0.35925,E01021460
CM15 0UG,51.65544,0.35731,E01021460
CM15 0UH,51.65377,0.35426,E01021460
CM15 0UJ,51.65195,0.35098,E01021460
CM15 0UR,51.64712,0.31697,E01021467
CM15 0UT,51.65405,0.35557,E01021460
CM15 0UU,51.64712,0.31697,E01021467
CM15 0WA,51.62031,0.30359,E01021436
CM15 0WB,51.62031,0.30359,E01021436
CM15 0WD,51.62031,0.30359,E01021436
CM15 0WJ,51.62031,0.30359,E01021436
CM15 0WL,51.62031,0.30359,E01021436
CM15 0WQ,51.65406,0.35556,E01021460
CM15 0WU,51.62031,0.30359,E01021436
CM15 0WW,51.62031,0.30359,E01021436
CM15 0WX,51.62031,0.30359,E01021436
CM15 0WY,51.65406,0.35556,E01021460
CM15 0WZ,51.62031,0.30359,E01021436
CM15 0XA,51.66636,0.27654,E01021443
CM15 0XB,51.66508,0.27757,E01021443
CM15 0XD,51.66541,0.27619,E01021443
CM15 0XE,51.66556,0.27724,E01021443
CM15 0XF,51.66451,0.27454,E01021444
CM15 0XG,51.66554,0.27562,E01021443
CM15 0XH,51.66483,0.27204,E01021444
CM15 0XJ,51.66517,0.27281,E01021443
CM15 0XL,51.66583,0.27287,E01021443
CM15 0XN,51.62031,0.30359,E01021436
CM15 0XP,51.66417,0.27301,E01021444
CM15 0XQ,51.66416,0.2761,E01021443
CM15 0XR,51.66504,0.2745,E01021443
CM15 0XT,51.62031,0.30359,E01021436
CM15 0YB,51.62031,0.30359,E01021436
CM15 0YE,51.62031,0.30359,E01021436
CM15 0YQ,51.66416,0.2761,E01021443
CM15 0YT,51.66416,0.2761,E01021443
CM15 0YZ,51.66737,0.29865,E01021441
CM15 0ZQ,51.62031,0.30359,E01021436
