BN21 9AA,50.76935,0.27876,E01020968
BN21 9AB,50.77457,0.26612,E01020943
BN21 9AD,50.76935,0.27876,E01020968
BN21 9AE,50.76935,0.27876,E01020968
BN21 9AF,50.76935,0.27876,E01020968
BN21 9AG,50.76935,0.27876,E01020968
BN21 9AH,50.76935,0.27876,E01020968
BN21 9AJ,50.76935,0.27876,E01020968
BN21 9AL,50.76935,0.27876,E01020968
BN21 9AN,50.76935,0.27876,E01020968
BN21 9AP,50.76935,0.27876,E01020968
BN21 9AQ,50.76935,0.27876,E01020968
BN21 9AR,50.76935,0.27876,E01020968
BN21 9AS,50.76935,0.27876,E01020968
BN21 9AT,50.76935,0.27876,E01020968
BN21 9AU,50.76935,0.27876,E01020968
BN21 9AW,50.76935,0.27876,E01020968
BN21 9AX,50.76935,0.27876,E01020968
BN21 9AY,50.76935,0.27876,E01020968
BN21 9BA,50.76935,0.27876,E01020968
BN21 9BB,50.76935,0.27876,E01020968
BN21 9BD,50.76935,0.27876,E01020968
BN21 9BE,50.76935,0.27876,E01020968
BN21 9BF,50.76935,0.27876,E01020968
BN21 9BG,50.76935,0.27876,E01020968
BN21 9BH,50.76935,0.27876,E01020968
BN21 9BJ,50.76935,0.27876,E01020968
BN21 9BL,50.76935,0.27876,E01020968
BN21 9BN,50.76935,0.27876,E01020968
BN21 9BP,50.76935,0.27876,E01020968
BN21 9BQ,50.76935,0.27876,E01020968
BN21 9BR,50.76935,0.27876,E01020968
BN21 9BS,50.76935,0.27876,E01020968
BN21 9BT,50.76935,0.27876,E01020968
BN21 9BU,50.76935,0.27876,E01020968
BN21 9BW,50.76935,0.27876,E01020968
BN21 9BX,50.76935,0.27876,E01020968
BN21 9BY,50.76935,0.27879,E01020968
BN21 9BZ,50.76935,0.27876,E01020968
BN21 9DA,50.76935,0.27876,E01020968
BN21 9DB,50.76935,0.27876,E01020968
BN21 9DD,50.76935,0.27876,E01020968
BN21 9DE,50.76935,0.27876,E01020968
BN21 9DF,50.76935,0.27876,E01020968
BN21 9DG,50.76935,0.27876,E01020968
BN21 9DH,50.76935,0.27876,E01020968
BN21 9DJ,50.76935,0.27876,E01020968
BN21 9DL,50.76935,0.27876,E01020968
BN21 9DN,50.76935,0.27876,E01020968
BN21 9DP,50.76935,0.27876,E01020968
BN21 9DQ,50.76935,0.27876,E01020968
BN21 9DR,50.76935,0.27876,E01020968
BN21 9DS,50.76935,0.27876,E01020968
BN21 9DT,50.76935,0.27876,E01020968
BN21 9DU,50.76935,0.27876,E01020968
BN21 9DW,50.76935,0.27876,E01020968
BN21 9DX,50.76935,0.27876,E01020968
BN21 9DY,50.76935,0.27876,E01020968
BN21 9DZ,50.76935,0.27876,E01020968
BN21 9EA,50.76935,0.27876,E01020968
BN21 9EB,50.76935,0.27876,E01020968
BN21 9ED,50.76935,0.27876,E01020968
BN21 9EE,50.76935,0.27876,E01020968
BN21 9EF,50.76935,0.27876,E01020968
BN21 9EG,50.76935,0.27876,E01020968
BN21 9EH,50.76935,0.27876,E01020968
BN21 9EJ,50.76935,0.27876,E01020968
BN21 9EL,50.76935,0.27876,E01020968
BN21 9EN,50.76935,0.27876,E01020968
BN21 9EP,50.76935,0.27876,E01020968
BN21 9EQ,50.76935,0.27876,E01020968
BN21 9ER,50.76935,0.27876,E01020968
BN21 9ES,50.76935,0.27876,E01020968
BN21 9ET,50.76935,0.27876,E01020968
BN21 9EU,50.76935,0.27876,E01020968
BN21 9EW,50.76935,0.27876,E01020968
BN21 9EX,50.76935,0.27876,E01020968
BN21 9EY,50.76935,0.27876,E01020968
BN21 9EZ,50.76935,0.27876,E01020968
BN21 9FA,50.76935,0.27876,E01020968
BN21 9FB,50.76935,0.27876,E01020968
BN21 9FD,50.76935,0.27876,E01020968
BN21 9FE,50.76935,0.27876,E01020968
BN21 9FF,50.76935,0.27876,E01020968
BN21 9FG,50.76935,0.27876,E01020968
BN21 9FH,50.76935,0.27876,E01020968
BN21 9FJ,50.76935,0.27876,E01020968
BN21 9FL,50.76935,0.27876,E01020968
BN21 9FN,50.76935,0.27876,E01020968
BN21 9FP,50.76935,0.27876,E01020968
BN21 9FQ,50.76935,0.27876,E01020968
BN21 9FR,50.76935,0.27876,E01020968
BN21 9FS,50.76935,0.27876,E01020968
BN21 9FT,50.76935,0.27876,E01020968
BN21 9FW,50.76935,0.27876,E01020968
BN21 9FX,50.76935,0.27876,E01020968
BN21 9FY,50.76935,0.27876,E01020968
BN21 9FZ,50.76935,0.27876,E01020968
BN21 9GA,50.76935,0.27876,E01020968
BN21 9GB,50.76935,0.27876,E01020968
BN21 9GD,50.76935,0.27876,E01020968
BN21 9GE,50.76935,0.27876,E01020968
BN21 9GF,50.76935,0.27876,E01020968
BN21 9GG,50.76935,0.27876,E01020968
BN21 9GJ,50.76935,0.27876,E01020968
BN21 9GL,50.76935,0.27876,E01020968
BN21 9GN,50.76935,0.27876,E01020968
BN21 9GP,50.76935,0.27876,E01020968
BN21 9GQ,50.76935,0.27876,E01020968
BN21 9GR,50.76935,0.27876,E01020968
BN21 9GS,50.76935,0.27876,E01020968
BN21 9GT,50.76935,0.27876,E01020968
BN21 9GU,50.76935,0.27876,E01020968
BN21 9GW,50.76935,0.27876,E01020968
BN21 9GX,50.76935,0.27876,E01020968
BN21 9GY,50.76935,0.27876,E01020968
BN21 9GZ,50.76935,0.27876,E01020968
BN21 9HA,50.76935,0.27879,E01020968
BN21 9HB,50.76935,0.27876,E01020968
BN21 9HD,50.76935,0.27876,E01020968
BN21 9HE,50.76935,0.27876,E01020968
BN21 9HF,50.76935,0.27876,E01020968
BN21 9HG,50.76935,0.27876,E01020968
BN21 9HH,50.76935,0.27876,E01020968
BN21 9HJ,50.76935,0.27876,E01020968
BN21 9HL,50.76935,0.27876,E01020968
BN21 9HN,50.76935,0.27876,E01020968
BN21 9HP,50.76935,0.27876,E01020968
BN21 9HQ,50.76935,0.27876,E01020968
BN21 9HR,50.76935,0.27876,E01020968
BN21 9HS,50.76935,0.27876,E01020968
BN21 9HT,50.76935,0.27876,E01020968
BN21 9HU,50.76935,0.27876,E01020968
BN21 9HW,50.76935,0.27876,E01020968
BN21 9HX,50.76935,0.27876,E01020968
BN21 9HY,50.76935,0.27876,E01020968
BN21 9HZ,50.76935,0.27876,E01020968
BN21 9JA,50.76935,0.27876,E01020968
BN21 9JB,50.76935,0.27876,E01020968
BN21 9JD,50.76935,0.27876,E01020968
BN21 9JE,50.76935,0.27876,E01020968
BN21 9JF,50.76935,0.27876,E01020968
BN21 9JG,50.76935,0.27876,E01020968
BN21 9JH,50.76935,0.27876,E01020968
BN21 9JJ,50.76935,0.27876,E01020968
BN21 9JL,50.76935,0.27876,E01020968
BN21 9JN,50.76935,0.27876,E01020968
BN21 9JP,50.76935,0.27876,E01020968
BN21 9JQ,50.76935,0.27876,E01020968
BN21 9JR,50.76935,0.27876,E01020968
BN21 9JS,50.76935,0.27876,E01020968
BN21 9JT,50.76935,0.27876,E01020968
BN21 9JU,50.76935,0.27876,E01020968
BN21 9JW,50.76935,0.27876,E01020968
BN21 9JX,50.76935,0.27876,E01020968
BN21 9JY,50.76935,0.27876,E01020968
BN21 9JZ,50.76935,0.27876,E01020968
BN21 9LA,50.76935,0.27876,E01020968
BN21 9LB,50.76935,0.27876,E01020968
BN21 9LD,50.76935,0.27876,E01020968
BN21 9LE,50.76935,0.27876,E01020968
BN21 9LF,50.76935,0.27876,E01020968
BN21 9LG,50.76935,0.27876,E01020968
BN21 9LH,50.76935,0.27876,E01020968
BN21 9LJ,50.76935,0.27876,E01020968
BN21 9LL,50.76935,0.27876,E01020968
BN21 9LN,50.76935,0.27876,E01020968
BN21 9LP,50.76935,0.27876,E01020968
BN21 9LQ,50.76935,0.27876,E01020968
BN21 9LR,50.76935,0.27876,E01020968
BN21 9LS,50.76935,0.27876,E01020968
BN21 9LT,50.76935,0.27876,E01020968
BN21 9LU,50.76935,0.27876,E01020968
BN21 9LW,50.76935,0.27876,E01020968
BN21 9LX,50.76935,0.27876,E01020968
BN21 9LY,50.76935,0.27876,E01020968
BN21 9LZ,50.76935,0.27876,E01020968
BN21 9NA,50.76935,0.27876,E01020968
BN21 9NB,50.76935,0.27876,E01020968
BN21 9ND,50.76935,0.27876,E01020968
BN21 9NE,50.76935,0.27876,E01020968
BN21 9NF,50.76935,0.27876,E01020968
BN21 9NG,50.76935,0.27876,E01020968
BN21 9NH,50.76935,0.27876,E01020968
BN21 9NJ,50.76935,0.27876,E01020968
BN21 9NL,50.76935,0.27876,E01020968
BN21 9NN,50.76935,0.27876,E01020968
BN21 9NP,50.76935,0.27876,E01020968
BN21 9NQ,50.76935,0.27876,E01020968
BN21 9NR,50.76935,0.27876,E01020968
BN21 9NS,50.76935,0.27876,E01020968
BN21 9NT,50.76935,0.27876,E01020968
BN21 9NU,50.76935,0.27876,E01020968
BN21 9NW,50.76935,0.27876,E01020968
BN21 9NX,50.76935,0.27876,E01020968
BN21 9NY,50.76935,0.27876,E01020968
BN21 9NZ,50.76935,0.27876,E01020968
BN21 9PA,50.76935,0.27876,E01020968
BN21 9PB,50.76935,0.27876,E01020968
BN21 9PD,50.76935,0.27876,E01020968
BN21 9PE,50.76935,0.27876,E01020968
BN21 9PF,50.76935,0.27876,E01020968
BN21 9PG,50.76935,0.27876,E01020968
BN21 9PH,50.76935,0.27876,E01020968
BN21 9PJ,50.76935,0.27876,E01020968
BN21 9PN,50.76935,0.27876,E01020968
BN21 9PP,50.76935,0.27876,E01020968
BN21 9PQ,50.76935,0.27876,E01020968
BN21 9PR,50.76935,0.27876,E01020968
BN21 9PT,50.76935,0.27876,E01020968
BN21 9PU,50.76935,0.27876,E01020968
BN21 9PW,50.76935,0.27876,E01020968
BN21 9PY,50.76935,0.27876,E01020968
BN21 9PZ,50.76935,0.27876,E01020968
BN21 9QA,50.76935,0.27876,E01020968
BN21 9QB,50.76935,0.27876,E01020968
BN21 9QD,50.76935,0.27876,E01020968
BN21 9QE,50.76935,0.27876,E01020968
BN21 9QF,50.76935,0.27876,E01020968
BN21 9QG,50.76935,0.27876,E01020968
BN21 9QH,50.76935,0.27876,E01020968
BN21 9QJ,50.76935,0.27876,E01020968
BN21 9QL,50.76935,0.27876,E01020968
BN21 9QN,50.76935,0.27876,E01020968
BN21 9QP,50.76935,0.27876,E01020968
BN21 9QQ,50.76935,0.27876,E01020968
BN21 9QR,50.76935,0.27879,E01020968
BN21 9QS,50.76935,0.27876,E01020968
BN21 9QT,50.76935,0.27879,E01020968
BN21 9QU,50.76935,0.27876,E01020968
BN21 9QW,50.76935,0.27876,E01020968
BN21 9QX,50.76935,0.27876,E01020968
BN21 9QY,50.76935,0.27876,E01020968
BN21 9QZ,50.76935,0.27879,E01020968
BN21 9RA,50.76935,0.27879,E01020968
BN21 9RB,50.76935,0.27879,E01020968
BN21 9RD,50.76935,0.27879,E01020968
BN21 9RE,50.76935,0.27879,E01020968
BN21 9RG,50.76935,0.27879,E01020968
BN21 9RH,50.76935,0.27879,E01020968
BN21 9RJ,50.76935,0.27879,E01020968
BN21 9RL,50.76935,0.27879,E01020968
BN21 9RN,50.76935,0.27879,E01020968
BN21 9RP,50.76935,0.27879,E01020968
BN21 9RQ,50.76935,0.27879,E01020968
BN21 9RR,50.76935,0.27879,E01020968
BN21 9RS,50.76935,0.27879,E01020968
BN21 9RT,50.76935,0.27879,E01020968
BN21 9RU,50.76935,0.27879,E01020968
BN21 9RW,50.76935,0.27879,E01020968
BN21 9RX,50.76935,0.27879,E01020968
BN21 9RY,50.76935,0.27879,E01020968
BN21 9RZ,50.76935,0.27879,E01020968
BN21 9SA,50.76682,0.27804,E01020968
BN21 9SB,50.76683,0.27805,E01020968
BN21 9SD,50.76683,0.27805,E01020968
BN21 9SE,50.76683,0.27805,E01020968
BN21 9SF,50.76683,0.27805,E01020968
BN21 9SG,50.76683,0.27805,E01020968
BN21 9SH,50.76683,0.27805,E01020968
BN21 9SJ,50.76683,0.27805,E01020968
BN21 9SL,50.76683,0.27805,E01020968
BN21 9SN,50.76683,0.27805,E01020968
BN21 9SP,50.76935,0.27879,E01020968
BN21 9SQ,50.76935,0.27879,E01020968
BN21 9SR,50.76935,0.27879,E01020968
BN21 9SS,50.76935,0.27879,E01020968
BN21 9ST,50.76935,0.27879,E01020968
BN21 9SU,50.76935,0.27879,E01020968
BN21 9SW,50.76935,0.27879,E01020968
BN21 9SX,50.76935,0.27879,E01020968
BN21 9SY,50.76935,0.27879,E01020968
BN21 9SZ,50.76935,0.27879,E01020968
BN21 9TA,50.76935,0.27879,E01020968
BN21 9TB,50.76935,0.27879,E01020968
BN21 9TD,50.76935,0.27879,E01020968
BN21 9TE,50.76935,0.27879,E01020968
BN21 9TF,50.76935,0.27879,E01020968
BN21 9TG,50.76935,0.27879,E01020968
BN21 9TH,50.76935,0.27879,E01020968
BN21 9TJ,50.76935,0.27879,E01020968
BN21 9TL,50.76935,0.27879,E01020968
BN21 9WP,50.76935,0.27876,E01020968
BN21 9ZL,50.76683,0.27805,E01020968
BN21 9ZN,100.,0.,
BN21 9ZP,100.,0.,
BN21 9ZQ,100.,0.,
BN21 9ZR,100.,0.,
BN21 9ZS,100.,0.,
BN21 9ZT,100.,0.,
BN21 9ZU,100.,0.,
BN21 9ZW,100.,0.,
BN21 9ZX,100.,0.,
BN21 9ZY,50.76683,0.27805,E01020968
BN21 9ZZ,100.,0.,
